Notes:

-- Test bank:
    298 images accross 13 subjects

-- Current Dice Metrics:
    LVED Dice Coefficient: Mean = 0.9901568293571472, Std = 0.020869340747594833
    RVED Dice Coefficient: Mean = 0.9467728137969971, Std = 0.09826906770467758

Image resize package analysis:

--Sbj_02_LVED:
    Original Scale max: [1090, 1122, 1307, 1381, 1344, 1330, 1260, 1279, 1318, 1242, 1249], min: [0, 0, 0, 0, 0, 0, 0, 0, 0, 0, 0]

    JCMR Scale max: [248, 248, 236, 234, 240, 235, 240, 231, 226, 237, 236], min: [0, 0, 0, 0, 0, 0, 0, 0, 0, 0, 0]

    PMP Scale max: [0.016194278111381067, 0.016709408534876482, 0.01846669398556868, 0.019315561029852317, 0.019299086249646873, 0.018827053741504025, 0.018271353996581304, 0.017981472133253046, 0.017826222103739235, 0.01773057329197213, 0.01779912782859558], min: [0.0, 0.0, 0.0, 0.0, 0.0, 0.0, 0.0, 0.0, 0.0, 0.0, 0.0]

    Original to JCMR scale ratio: [4.395161, 4.524194, 5.5381355, 5.9017096, 5.6, 5.6595745, 5.25, 5.5367966, 5.8318586, 5.240506, 5.2923727]

    Original to JCMR scale ratio mean and std: 5.342755317687988, 0.4655008316040039

    Original to PMP scale ratio: [67307.72390736987, 67147.79865834993, 70776.06858170671, 71496.75838385725, 69640.6028044251, 70643.02350547978, 68960.40655967558, 71128.77024316334, 73936.02482511064, 70048.49643312662, 70171.97764001625]

    Original to PMP scale ratio mean and std: 70114.33195838919, 1821.685617622996

    JCMR to PMP scale ratio: [15314.050944062135, 14841.937671364336, 12779.764487592032, 12114.584693571756, 12435.821929361626, 12482.037987810338, 13135.315535176302, 12846.556627185872, 12677.952663486345, 13366.742072987932, 13259.076639746865]

    JCMR to PMP scale ratio mean and std: 13204.89465930414, 955.9384590149656

--Sbj_02_ALL_IMAGES(450):
        Original Scale max: [1045, 1047, 1054, 1051, 1052, 1051, 1049, 1044, 1041, 1043, 1043, 1040, 1040, 1046, 1042, 1041, 1044, 1040, 1040, 1040, 1046, 1046, 1050, 1051, 1043, 1043, 1044, 1043, 1043, 1046, 1079, 1084, 1079, 1079, 1079, 1071, 1073, 1073, 1075, 1078, 1082, 1086, 1080, 1075, 1077, 1080, 1078, 1084, 1080, 1080, 1078, 1078, 1076, 1077, 1082, 1081, 1085, 1086, 1076, 1073, 1089, 1093, 1092, 1085, 1082, 1089, 1092, 1088, 1083, 1085, 1085, 1087, 1092, 1096, 1095, 1090, 1090, 1098, 1100, 1091, 1090, 1098, 1097, 1091, 1095, 1103, 1099, 1095, 1092, 1090, 1147, 1162, 1181, 1183, 1179, 1159, 1145, 1144, 1137, 1120, 1106, 1111, 1110, 1115, 1119, 1116, 1118, 1119, 1124, 1136, 1145, 1149, 1136, 1124, 1130, 1122, 1118, 1121, 1121, 1122, 1312, 1311, 1311, 1303, 1306, 1311, 1296, 1289, 1298, 1304, 1306, 1312, 1306, 1295, 1296, 1303, 1305, 1302, 1305, 1305, 1301, 1307, 1309, 1307, 1311, 1312, 1306, 1313, 1307, 1307, 1379, 1385, 1393, 1396, 1387, 1389, 1388, 1384, 1390, 1391, 1391, 1387, 1379, 1377, 1381, 1378, 1381, 1384, 1391, 1391, 1388, 1385, 1383, 1385, 1384, 1383, 1380, 1375, 1380, 1381, 1348, 1350, 1354, 1353, 1348, 1348, 1351, 1349, 1351, 1349, 1343, 1338, 1347, 1345, 1339, 1348, 1354, 1346, 1341, 1346, 1352, 1349, 1350, 1350, 1351, 1347, 1343, 1343, 1341, 1344, 1328, 1328, 1328, 1323, 1324, 1322, 1323, 1323, 1324, 1319, 1319, 1315, 1315, 1317, 1316, 1323, 1327, 1323, 1324, 1326, 1330, 1324, 1322, 1326, 1329, 1333, 1332, 1332, 1327, 1330, 1261, 1268, 1274, 1270, 1269, 1271, 1273, 1270, 1270, 1274, 1279, 1273, 1277, 1277, 1266, 1267, 1279, 1275, 1273, 1272, 1270, 1270, 1268, 1272, 1274, 1272, 1275, 1269, 1262, 1260, 1270, 1275, 1281, 1279, 1283, 1285, 1278, 1281, 1279, 1272, 1278, 1285, 1282, 1285, 1283, 1283, 1285, 1287, 1289, 1283, 1274, 1280, 1282, 1285, 1292, 1288, 1283, 1277, 1281, 1279, 1317, 1315, 1311, 1318, 1319, 1315, 1306, 1306, 1307, 1306, 1313, 1318, 1313, 1304, 1306, 1312, 1323, 1323, 1316, 1316, 1316, 1312, 1317, 1320, 1316, 1311, 1304, 1305, 1310, 1318, 1240, 1239, 1241, 1242, 1244, 1241, 1266, 1349, 1365, 1365, 1359, 1354, 1327, 1280, 1289, 1289, 1295, 1267, 1244, 1250, 1250, 1250, 1247, 1242, 1246, 1251, 1244, 1243, 1242, 1242, 1250, 1244, 1247, 1253, 1255, 1258, 1255, 1248, 1242, 1242, 1243, 1244, 1244, 1244, 1246, 1247, 1247, 1251, 1248, 1247, 1256, 1257, 1259, 1257, 1253, 1250, 1252, 1249, 1249, 1249, 1284, 1278, 1274, 1281, 1281, 1272, 1269, 1270, 1271, 1271, 1272, 1268, 1268, 1277, 1275, 1272, 1273, 1274, 1278, 1285, 1287, 1289, 1289, 1287, 1285, 1277, 1276, 1281, 1278, 1280, 1172, 1167, 1177, 1182, 1177, 1173, 1169, 1174, 1176, 1176, 1175, 1169, 1173, 1177, 1178, 1173, 1173, 1177, 1179, 1178, 1181, 1179, 1177, 1177, 1181, 1178, 1174, 1174, 1175, 1177], min: [0, 0, 0, 0, 0, 0, 0, 0, 0, 0, 0, 0, 0, 0, 0, 0, 0, 0, 0, 0, 0, 0, 0, 0, 0, 0, 0, 0, 0, 0, 0, 0, 0, 0, 0, 0, 0, 0, 0, 0, 0, 0, 0, 0, 0, 0, 0, 0, 0, 0, 0, 0, 0, 0, 0, 0, 0, 0, 0, 0, 0, 0, 0, 0, 0, 0, 0, 0, 0, 0, 0, 0, 0, 0, 0, 0, 0, 0, 0, 0, 0, 0, 0, 0, 0, 0, 0, 0, 0, 0, 0, 0, 0, 0, 0, 0, 0, 0, 0, 0, 0, 0, 0, 0, 0, 0, 0, 0, 0, 0, 0, 0, 0, 0, 0, 0, 0, 0, 0, 0, 0, 0, 0, 0, 0, 0, 0, 0, 0, 0, 0, 0, 0, 0, 0, 0, 0, 0, 0, 0, 0, 0, 0, 0, 0, 0, 0, 0, 0, 0, 0, 0, 0, 0, 0, 0, 0, 0, 0, 0, 0, 0, 0, 0, 0, 0, 0, 0, 0, 0, 0, 0, 0, 0, 0, 0, 0, 0, 0, 0, 0, 0, 0, 0, 0, 0, 0, 0, 0, 0, 0, 0, 0, 0, 0, 0, 0, 0, 0, 0, 0, 0, 0, 0, 0, 0, 0, 0, 0, 0, 0, 0, 0, 0, 0, 0, 0, 0, 0, 0, 0, 0, 0, 0, 0, 0, 0, 0, 0, 0, 0, 0, 0, 0, 0, 0, 0, 0, 0, 0, 0, 0, 0, 0, 0, 0, 0, 0, 0, 0, 0, 0, 0, 0, 0, 0, 0, 0, 0, 0, 0, 0, 0, 0, 0, 0, 0, 0, 0, 0, 0, 0, 0, 0, 0, 0, 0, 0, 0, 0, 0, 0, 0, 0, 0, 0, 0, 0, 0, 0, 0, 0, 0, 0, 0, 0, 0, 0, 0, 0, 0, 0, 0, 0, 0, 0, 0, 0, 0, 0, 0, 0, 0, 0, 0, 0, 0, 0, 0, 0, 0, 0, 0, 0, 0, 0, 0, 0, 0, 0, 0, 0, 0, 0, 0, 0, 0, 0, 0, 0, 0, 0, 0, 0, 0, 0, 0, 0, 0, 0, 0, 0, 0, 0, 0, 0, 0, 0, 0, 0, 0, 0, 0, 0, 0, 0, 0, 0, 0, 0, 0, 0, 0, 0, 0, 0, 0, 0, 0, 0, 0, 0, 0, 0, 0, 0, 0, 0, 0, 0, 0, 0, 0, 0, 0, 0, 0, 0, 0, 0, 0, 0, 0, 0, 0, 0, 0, 0, 0, 0, 0, 0, 0, 0, 0, 0, 0, 0, 0, 0, 0, 0, 0, 0, 0, 0, 0, 0, 0, 0, 0, 0, 0, 0, 0, 0, 0, 0, 0, 0, 0, 0, 0, 0, 0, 0, 0, 0, 0, 0]

    JCMR Scale max: [243, 243, 243, 244, 244, 244, 244, 245, 245, 244, 244, 245, 245, 245, 245, 245, 245, 246, 247, 246, 244, 244, 244, 244, 245, 245, 244, 244, 245, 244, 247, 247, 246, 247, 247, 248, 248, 248, 248, 247, 247, 246, 248, 247, 246, 245, 247, 247, 248, 246, 247, 247, 247, 248, 247, 247, 245, 245, 248, 247, 249, 248, 249, 248, 249, 247, 247, 248, 249, 249, 249, 249, 248, 247, 248, 249, 249, 247, 247, 250, 251, 249, 249, 249, 249, 247, 246, 247, 248, 248, 243, 238, 234, 235, 235, 239, 242, 242, 243, 246, 249, 249, 250, 249, 248, 248, 248, 248, 247, 245, 243, 243, 245, 248, 248, 249, 250, 249, 249, 248, 234, 235, 235, 238, 237, 235, 237, 239, 238, 237, 237, 235, 236, 238, 237, 236, 236, 236, 236, 237, 237, 236, 236, 236, 235, 234, 235, 234, 235, 236, 234, 235, 235, 234, 235, 235, 234, 235, 234, 234, 234, 235, 236, 236, 235, 236, 235, 234, 234, 234, 235, 235, 236, 235, 235, 235, 234, 235, 235, 234, 239, 239, 240, 240, 241, 241, 240, 240, 240, 241, 242, 242, 240, 241, 242, 241, 240, 241, 242, 241, 241, 242, 241, 240, 239, 240, 242, 242, 242, 240, 236, 236, 236, 236, 236, 237, 236, 236, 236, 237, 237, 237, 237, 237, 237, 236, 236, 237, 236, 237, 236, 236, 237, 236, 236, 236, 236, 236, 236, 235, 240, 239, 239, 240, 240, 239, 239, 239, 239, 238, 238, 238, 238, 238, 239, 239, 238, 238, 239, 239, 240, 240, 240, 239, 239, 240, 240, 240, 240, 240, 232, 231, 231, 231, 230, 230, 230, 230, 231, 231, 231, 230, 230, 230, 230, 230, 230, 230, 229, 231, 231, 231, 231, 229, 228, 229, 230, 231, 231, 231, 226, 227, 227, 225, 225, 225, 227, 228, 227, 227, 226, 225, 226, 228, 227, 226, 225, 226, 226, 226, 226, 226, 226, 226, 226, 227, 229, 228, 227, 226, 237, 238, 238, 239, 238, 238, 240, 240, 241, 242, 241, 235, 236, 238, 230, 229, 228, 234, 238, 236, 236, 236, 238, 239, 238, 236, 236, 237, 237, 237, 236, 237, 237, 236, 236, 236, 235, 236, 236, 236, 237, 237, 236, 237, 236, 236, 236, 236, 236, 237, 237, 236, 236, 236, 236, 236, 236, 237, 236, 236, 232, 233, 233, 233, 233, 234, 234, 233, 233, 233, 233, 234, 234, 233, 233, 233, 233, 233, 233, 232, 232, 232, 232, 232, 233, 234, 234, 233, 234, 233, 241, 241, 240, 240, 240, 240, 240, 240, 240, 240, 240, 240, 240, 239, 240, 240, 240, 240, 240, 240, 240, 241, 241, 241, 240, 240, 240, 240, 240, 239], min: [0, 0, 0, 0, 0, 0, 0, 0, 0, 0, 0, 0, 0, 0, 0, 0, 0, 0, 0, 0, 0, 0, 0, 0, 0, 0, 0, 0, 0, 0, 0, 0, 0, 0, 0, 0, 0, 0, 0, 0, 0, 0, 0, 0, 0, 0, 0, 0, 0, 0, 0, 0, 0, 0, 0, 0, 0, 0, 0, 0, 0, 0, 0, 0, 0, 0, 0, 0, 0, 0, 0, 0, 0, 0, 0, 0, 0, 0, 0, 0, 0, 0, 0, 0, 0, 0, 0, 0, 0, 0, 0, 0, 0, 0, 0, 0, 0, 0, 0, 0, 0, 0, 0, 0, 0, 0, 0, 0, 0, 0, 0, 0, 0, 0, 0, 0, 0, 0, 0, 0, 0, 0, 0, 0, 0, 0, 0, 0, 0, 0, 0, 0, 0, 0, 0, 0, 0, 0, 0, 0, 0, 0, 0, 0, 0, 0, 0, 0, 0, 0, 0, 0, 0, 0, 0, 0, 0, 0, 0, 0, 0, 0, 0, 0, 0, 0, 0, 0, 0, 0, 0, 0, 0, 0, 0, 0, 0, 0, 0, 0, 0, 0, 0, 0, 0, 0, 0, 0, 0, 0, 0, 0, 0, 0, 0, 0, 0, 0, 0, 0, 0, 0, 0, 0, 0, 0, 0, 0, 0, 0, 0, 0, 0, 0, 0, 0, 0, 0, 0, 0, 0, 0, 0, 0, 0, 0, 0, 0, 0, 0, 0, 0, 0, 0, 0, 0, 0, 0, 0, 0, 0, 0, 0, 0, 0, 0, 0, 0, 0, 0, 0, 0, 0, 0, 0, 0, 0, 0, 0, 0, 0, 0, 0, 0, 0, 0, 0, 0, 0, 0, 0, 0, 0, 0, 0, 0, 0, 0, 0, 0, 0, 0, 0, 0, 0, 0, 0, 0, 0, 0, 0, 0, 0, 0, 0, 0, 0, 0, 0, 0, 0, 0, 0, 0, 0, 0, 0, 0, 0, 0, 0, 0, 0, 0, 0, 0, 0, 0, 0, 0, 0, 0, 0, 0, 0, 0, 0, 0, 0, 0, 0, 0, 0, 0, 0, 0, 0, 0, 0, 0, 0, 0, 0, 0, 0, 0, 0, 0, 0, 0, 0, 0, 0, 0, 0, 0, 0, 0, 0, 0, 0, 0, 0, 0, 0, 0, 0, 0, 0, 0, 0, 0, 0, 0, 0, 0, 0, 0, 0, 0, 0, 0, 0, 0, 0, 0, 0, 0, 0, 0, 0, 0, 0, 0, 0, 0, 0, 0, 0, 0, 0, 0, 0, 0, 0, 0, 0, 0, 0, 0, 0, 0, 0, 0, 0, 0, 0, 0, 0, 0, 0, 0, 0, 0, 0, 0, 0, 0, 0, 0, 0, 0, 0, 0, 0, 0, 0, 0, 0, 0, 0, 0, 0, 0, 0, 0, 0, 0, 0, 0]

    PMP Scale max: [0.015285691365848581, 0.015335456721249875, 0.015426871137560083, 0.015457389181353476, 0.01544213015945678, 0.015411612115663387, 0.015426871137560083, 0.015381094071869994, 0.015335317006179903, 0.015345512189899284, 0.01531952473576483, 0.015301592166103453, 0.015354042856500615, 0.01539635309376669, 0.015359525723470789, 0.015373754672330375, 0.01539635309376669, 0.01537247807153566, 0.015415779818675038, 0.01539763196469479, 0.015379434647999953, 0.015365835049973296, 0.015457282805229969, 0.01544213015945678, 0.015381094071869994, 0.015381094071869994, 0.015357743537770686, 0.015317017635346309, 0.015347035856880673, 0.015352022597834672, 0.01598829706118818, 0.016084807592316144, 0.015968552255663227, 0.01598424675026792, 0.015986557353176806, 0.015953156996657367, 0.015939038338446187, 0.015957497622716272, 0.01602055543873486, 0.01602342148217144, 0.016043957836651405, 0.016084807912463153, 0.01605448684639994, 0.015942444877365475, 0.015901539736266276, 0.01589033879613115, 0.015977259454241846, 0.016050943692015894, 0.016061414012994782, 0.015979749266721282, 0.01600000411010564, 0.015990380185087152, 0.01595176784963294, 0.015980059401870916, 0.01602487834029059, 0.01599411852728849, 0.015946202530252966, 0.01595582840525785, 0.015985032827619303, 0.01591641130750798, 0.016257278519218106, 0.016242095241195933, 0.016254874651661422, 0.01612255583641104, 0.01610976414394169, 0.016090196219645324, 0.016130913841903575, 0.016172031385998452, 0.016157905611792155, 0.01617456321049821, 0.0162050812542916, 0.016235599298084994, 0.0162050812542916, 0.0162050812542916, 0.016220340276188298, 0.01625085831998169, 0.016266117341878387, 0.016235599298084994, 0.016266117341878387, 0.016328630151251702, 0.01635344185090277, 0.016354627820986522, 0.01630815548328164, 0.01626092765681792, 0.01632019046461262, 0.01630734386692933, 0.016186239408884636, 0.016158262255572525, 0.016207545731500045, 0.016194278111381067, 0.01670553597831304, 0.016577577594580426, 0.016565067616936595, 0.01666998408829728, 0.016626519517293912, 0.016620650945925273, 0.016599300122874087, 0.01658297783451515, 0.016544430154206858, 0.01648958747079703, 0.01649465993839172, 0.016542161359588355, 0.016587308070348063, 0.0166328698953757, 0.016614158277045224, 0.016589398557628476, 0.016634269330761137, 0.016659042045236466, 0.016656339553270737, 0.016683529683342507, 0.01667385307958708, 0.016714728476117713, 0.016670661533943927, 0.016746468535638877, 0.01679090478195246, 0.016752133682680567, 0.01676260070032429, 0.016775696852609736, 0.016712188007648395, 0.016709408534876482, 0.018406391121970702, 0.01839767945588594, 0.018443452010413464, 0.018664181899122174, 0.018626753889360203, 0.018589283227283857, 0.01854098568776109, 0.018552467600562752, 0.018620967988683387, 0.018616151318557737, 0.018641244092740313, 0.018598804428765322, 0.01861824797594439, 0.018582042156535843, 0.018499231676838163, 0.018547555221030246, 0.01858262438754827, 0.018542761252238738, 0.018510603662794833, 0.018537499446785944, 0.018532687928116888, 0.01847156988289304, 0.01842763427375818, 0.018392981138292748, 0.018366404395359293, 0.018360152549799037, 0.01830897227553823, 0.01836034133467592, 0.018418382577859087, 0.01846669398556868, 0.019329550712470802, 0.019424975115728903, 0.019535344927773226, 0.0195001190347367, 0.019478776535508058, 0.019507539154981803, 0.019443201463937625, 0.01939149026950044, 0.01938969586000503, 0.019438174704606116, 0.019462424880936104, 0.019451851006948354, 0.019467237913027437, 0.01941823420193906, 0.019382276350949704, 0.019423129540918824, 0.019378446825056198, 0.019328670424582726, 0.01942965010624604, 0.019465083483655814, 0.019425518172387784, 0.019473701885092776, 0.019457809757911733, 0.019435704130052155, 0.01943214365862474, 0.019417223657870172, 0.019338925403034193, 0.01932686530471427, 0.01933841102863788, 0.019315561029852317, 0.01923175385972045, 0.019271295771151734, 0.019365628516727736, 0.019421912531126243, 0.01943073667068002, 0.019405509522061836, 0.019372974595698377, 0.019375459707837467, 0.01937329135207044, 0.019395905053250888, 0.01939376897412436, 0.019331143909564117, 0.01939212680908916, 0.01939253016523018, 0.01939256881570678, 0.019409943718363444, 0.0193883569615106, 0.01937502585041669, 0.019389639252190987, 0.019401742075585943, 0.019441467169321262, 0.01941425267897166, 0.019378065166151835, 0.019338047108788847, 0.01932179107631093, 0.01931692949828967, 0.01936035122780087, 0.019390911138093204, 0.019385517970497215, 0.019299086249646873, 0.018917207156910667, 0.01886418002725171, 0.018859540718575256, 0.018824072677974483, 0.018805559448931433, 0.01882272092994282, 0.018782716478828267, 0.018768491226211548, 0.018757711133886457, 0.018799919040523184, 0.01878368837242054, 0.01884386696076611, 0.018836292238614608, 0.01883775509221432, 0.018841994682784143, 0.018836541924186004, 0.018873391282761318, 0.018890936023412155, 0.01890977303750953, 0.01887921386937626, 0.01889266177592396, 0.01882843389530766, 0.018838728571989555, 0.018815982941132636, 0.01886461992380951, 0.018896903898565666, 0.018865887895186815, 0.01887889065185522, 0.018819677495952914, 0.018827053741504025, 0.018257632713582744, 0.018257671640549967, 0.01830098427268803, 0.0183239830234208, 0.018331271941596193, 0.018336274078711433, 0.018332023122922404, 0.018292778031435135, 0.018245035655949475, 0.018262068306889558, 0.018309664040487898, 0.018288972880371575, 0.0183530440344694, 0.018347960449041825, 0.018239712498685914, 0.01822680791073557, 0.018334717756734006, 0.01831353079074855, 0.018324713613472758, 0.01835395693369715, 0.018352572195970338, 0.018342744628342816, 0.018303279726821997, 0.018303533094084116, 0.018326021937926727, 0.01837293909081173, 0.018385294291923482, 0.018321552889256337, 0.01826504219621547, 0.018271353996581304, 0.017920069026212022, 0.017963014842625767, 0.018024943922116517, 0.01799564312094988, 0.01802736755147561, 0.017999146460686323, 0.017919995567023048, 0.01796705511257131, 0.01800939784475991, 0.01793113806577489, 0.01797878231619891, 0.017979473935627238, 0.01799570153322891, 0.018043546166583217, 0.018012282063815933, 0.018023917734500062, 0.018039837248803457, 0.018044393013659878, 0.018060928563590588, 0.018023194391412457, 0.01794901228136579, 0.018007784769447106, 0.018023325855420626, 0.017951311737337508, 0.017969004371359478, 0.017977931903848606, 0.018010335773663778, 0.01798688260334026, 0.018001526302664366, 0.017981472133253046, 0.017795886194495996, 0.017824246330956948, 0.017766462136726627, 0.017754245122710458, 0.01770894148170238, 0.017703912132090428, 0.017731769797803366, 0.017777625546899704, 0.01774868846185216, 0.017719563479608093, 0.01774924327663796, 0.017782350742290447, 0.017768294178049034, 0.01777803000900317, 0.017779403861731293, 0.01775043036723628, 0.017783572365110526, 0.017832370541812012, 0.017770564864445365, 0.01775460633586193, 0.017735359853725863, 0.017718100247652822, 0.01776253762903311, 0.01780991428020475, 0.01781027355792197, 0.017806526542646816, 0.017833174561948655, 0.01779123924594739, 0.017808244291483054, 0.017826222103739235, 0.01772577882840787, 0.01780024885249065, 0.017870548525072687, 0.01788315346996437, 0.017851727038105766, 0.017786607562590685, 0.018295991216106314, 0.019508290379964256, 0.019811078199143625, 0.019834373071317846, 0.01971736630595238, 0.019132628411388776, 0.01886234332924529, 0.018292115821876214, 0.01786154813003219, 0.01778141393390104, 0.017787038786074606, 0.01783163242830497, 0.017845766890137227, 0.017788852709986112, 0.01775316835186462, 0.017804001572203517, 0.017877719832874627, 0.017914091706721598, 0.017881098140647603, 0.017816465987105633, 0.017723350731542607, 0.01772146748124924, 0.017749907712673756, 0.01773057329197213, 0.017805556599040834, 0.01780609450424311, 0.017836719506245484, 0.017801350492938885, 0.01782739519518147, 0.017838691946588426, 0.01778234237481149, 0.017706976099145996, 0.0176673121098351, 0.017667616613307607, 0.017692390579266807, 0.01771816535391497, 0.017688633755851054, 0.017737308166625006, 0.017738618921285892, 0.017689654937532367, 0.017694539435169864, 0.017744498872426004, 0.017735208176799005, 0.017756363200843065, 0.017852352852769426, 0.017855716797582917, 0.017870524543150534, 0.017846432242957778, 0.017826771446921318, 0.017830658890321184, 0.017865134009491312, 0.01779514917239925, 0.017757748418790395, 0.01779912782859558, 0.017944683427986153, 0.017921782132916717, 0.01789638005305634, 0.017985556074162815, 0.018025800781063868, 0.01790987286749967, 0.01787773713536595, 0.017856223313825127, 0.017873942432736944, 0.017871050413735327, 0.01788621382809012, 0.01784329787266207, 0.01783988314088948, 0.0179089617581848, 0.01794498902286896, 0.017901339858004243, 0.017871958932769764, 0.017909663127545102, 0.017955139531526925, 0.017952150784468837, 0.01795323398735914, 0.018000786253723446, 0.017983787960379475, 0.01801700484355213, 0.018063769198995737, 0.018029020441436252, 0.017970231000115015, 0.01798605550351414, 0.018018962702653425, 0.01798740074674038, 0.017025322454639773, 0.017023050094747656, 0.017103583194065863, 0.017126468409023602, 0.017083206403771117, 0.0170356077888496, 0.016986461379503093, 0.01701911532779736, 0.017035087142482128, 0.017046385072612205, 0.017044467974047416, 0.016988694055716857, 0.017004357990833274, 0.01704663180409973, 0.017059355086971744, 0.017013217477528497, 0.01702793085248588, 0.01707569603117066, 0.017108230040749496, 0.017105853473002343, 0.017165857552117768, 0.01716492253364135, 0.01711971637740088, 0.017119970734208335, 0.01715086639141191, 0.017118402610447572, 0.017044497733168146, 0.01704594019922353, 0.017055320317734095, 0.0170400636387315], min: [0.0, 0.0, 0.0, 0.0, 0.0, 0.0, 0.0, 0.0, 0.0, 0.0, 0.0, 0.0, 0.0, 0.0, 0.0, 0.0, 0.0, 0.0, 0.0, 0.0, 0.0, 0.0, 0.0, 0.0, 0.0, 0.0, 0.0, 0.0, 0.0, 0.0, 0.0, 0.0, 0.0, 0.0, 0.0, 0.0, 0.0, 0.0, 0.0, 0.0, 0.0, 0.0, 0.0, 0.0, 0.0, 0.0, 0.0, 0.0, 0.0, 0.0, 0.0, 0.0, 0.0, 0.0, 0.0, 0.0, 0.0, 0.0, 0.0, 0.0, 0.0, 0.0, 0.0, 0.0, 0.0, 0.0, 0.0, 0.0, 0.0, 0.0, 0.0, 0.0, 0.0, 0.0, 0.0, 0.0, 0.0, 0.0, 0.0, 0.0, 0.0, 0.0, 0.0, 0.0, 0.0, 0.0, 0.0, 0.0, 0.0, 0.0, 0.0, 0.0, 0.0, 0.0, 0.0, 0.0, 0.0, 0.0, 0.0, 0.0, 0.0, 0.0, 0.0, 0.0, 0.0, 0.0, 0.0, 0.0, 0.0, 0.0, 0.0, 0.0, 0.0, 0.0, 0.0, 0.0, 0.0, 0.0, 0.0, 0.0, 0.0, 0.0, 0.0, 0.0, 0.0, 0.0, 0.0, 0.0, 0.0, 0.0, 0.0, 0.0, 0.0, 0.0, 0.0, 0.0, 0.0, 0.0, 0.0, 0.0, 0.0, 0.0, 0.0, 0.0, 0.0, 0.0, 0.0, 0.0, 0.0, 0.0, 0.0, 0.0, 0.0, 0.0, 0.0, 0.0, 0.0, 0.0, 0.0, 0.0, 0.0, 0.0, 0.0, 0.0, 0.0, 0.0, 0.0, 0.0, 0.0, 0.0, 0.0, 0.0, 0.0, 0.0, 0.0, 0.0, 0.0, 0.0, 0.0, 0.0, 0.0, 0.0, 0.0, 0.0, 0.0, 0.0, 0.0, 0.0, 0.0, 0.0, 0.0, 0.0, 0.0, 0.0, 0.0, 0.0, 0.0, 0.0, 0.0, 0.0, 0.0, 0.0, 0.0, 0.0, 0.0, 0.0, 0.0, 0.0, 0.0, 0.0, 0.0, 0.0, 0.0, 0.0, 0.0, 0.0, 0.0, 0.0, 0.0, 0.0, 0.0, 0.0, 0.0, 0.0, 0.0, 0.0, 0.0, 0.0, 0.0, 0.0, 0.0, 0.0, 0.0, 0.0, 0.0, 0.0, 0.0, 0.0, 0.0, 0.0, 0.0, 0.0, 0.0, 0.0, 0.0, 0.0, 0.0, 0.0, 0.0, 0.0, 0.0, 0.0, 0.0, 0.0, 0.0, 0.0, 0.0, 0.0, 0.0, 0.0, 0.0, 0.0, 0.0, 0.0, 0.0, 0.0, 0.0, 0.0, 0.0, 0.0, 0.0, 0.0, 0.0, 0.0, 0.0, 0.0, 0.0, 0.0, 0.0, 0.0, 0.0, 0.0, 0.0, 0.0, 0.0, 0.0, 0.0, 0.0, 0.0, 0.0, 0.0, 0.0, 0.0, 0.0, 0.0, 0.0, 0.0, 0.0, 0.0, 0.0, 0.0, 0.0, 0.0, 0.0, 0.0, 0.0, 0.0, 0.0, 0.0, 0.0, 0.0, 0.0, 0.0, 0.0, 0.0, 0.0, 0.0, 0.0, 0.0, 0.0, 0.0, 0.0, 0.0, 0.0, 0.0, 0.0, 0.0, 0.0, 0.0, 0.0, 0.0, 0.0, 0.0, 0.0, 0.0, 0.0, 0.0, 0.0, 0.0, 0.0, 0.0, 0.0, 0.0, 0.0, 0.0, 0.0, 0.0, 0.0, 0.0, 0.0, 0.0, 0.0, 0.0, 0.0, 0.0, 0.0, 0.0, 0.0, 0.0, 0.0, 0.0, 0.0, 0.0, 0.0, 0.0, 0.0, 0.0, 0.0, 0.0, 0.0, 0.0, 0.0, 0.0, 0.0, 0.0, 0.0, 0.0, 0.0, 0.0, 0.0, 0.0, 0.0, 0.0, 0.0, 0.0, 0.0, 0.0, 0.0, 0.0, 0.0, 0.0, 0.0, 0.0, 0.0, 0.0, 0.0, 0.0, 0.0, 0.0, 0.0, 0.0, 0.0, 0.0, 0.0, 0.0, 0.0, 0.0, 0.0, 0.0, 0.0, 0.0, 0.0, 0.0, 0.0, 0.0, 0.0, 0.0, 0.0, 0.0, 0.0, 0.0, 0.0, 0.0, 0.0, 0.0, 0.0, 0.0, 0.0, 0.0, 0.0, 0.0, 0.0, 0.0, 0.0, 0.0, 0.0, 0.0, 0.0, 0.0, 0.0, 0.0, 0.0, 0.0, 0.0, 0.0, 0.0, 0.0, 0.0, 0.0, 0.0]

    Original to JCMR scale ratio: [4.3004117, 4.308642, 4.3374486, 4.307377, 4.3114753, 4.307377, 4.2991805, 4.2612243, 4.2489796, 4.27459, 4.27459, 4.244898, 4.244898, 4.2693877, 4.2530613, 4.2489796, 4.2612243, 4.227642, 4.2105265, 4.227642, 4.2868853, 4.2868853, 4.303279, 4.307377, 4.257143, 4.257143, 4.2786884, 4.27459, 4.257143, 4.2868853, 4.368421, 4.388664, 4.386179, 4.368421, 4.368421, 4.318548, 4.326613, 4.326613, 4.334677, 4.3643723, 4.3805666, 4.414634, 4.354839, 4.3522267, 4.378049, 4.408163, 4.3643723, 4.388664, 4.354839, 4.390244, 4.3643723, 4.3643723, 4.356275, 4.342742, 4.3805666, 4.3765182, 4.428571, 4.432653, 4.33871, 4.3441296, 4.373494, 4.407258, 4.3855424, 4.375, 4.3453817, 4.408907, 4.4210525, 4.387097, 4.3493977, 4.3574295, 4.3574295, 4.365462, 4.403226, 4.437247, 4.415323, 4.37751, 4.37751, 4.445344, 4.453441, 4.364, 4.3426294, 4.4096384, 4.4056225, 4.381526, 4.39759, 4.465587, 4.4674797, 4.4331985, 4.403226, 4.395161, 4.720165, 4.882353, 5.0470085, 5.0340424, 5.017021, 4.8493724, 4.731405, 4.7272725, 4.6790123, 4.5528455, 4.441767, 4.4618473, 4.44, 4.4779115, 4.512097, 4.5, 4.5080647, 4.512097, 4.550607, 4.6367345, 4.711934, 4.728395, 4.6367345, 4.532258, 4.556452, 4.506024, 4.472, 4.502008, 4.502008, 4.524194, 5.6068377, 5.5787234, 5.5787234, 5.47479, 5.5105486, 5.5787234, 5.468354, 5.3933053, 5.4537816, 5.5021095, 5.5105486, 5.5829787, 5.5338984, 5.4411764, 5.468354, 5.5211864, 5.529661, 5.516949, 5.529661, 5.506329, 5.4894514, 5.5381355, 5.5466104, 5.5381355, 5.5787234, 5.6068377, 5.557447, 5.611111, 5.5617023, 5.5381355, 5.8931623, 5.893617, 5.9276595, 5.9658117, 5.9021277, 5.9106383, 5.931624, 5.889362, 5.940171, 5.9444447, 5.9444447, 5.9021277, 5.84322, 5.834746, 5.876596, 5.838983, 5.876596, 5.91453, 5.9444447, 5.9444447, 5.906383, 5.893617, 5.8601694, 5.893617, 5.889362, 5.8851066, 5.8974357, 5.8510637, 5.87234, 5.9017096, 5.640167, 5.6485357, 5.641667, 5.6375, 5.593361, 5.593361, 5.6291666, 5.6208334, 5.6291666, 5.5975103, 5.549587, 5.5289254, 5.6125, 5.580913, 5.5330577, 5.593361, 5.641667, 5.585062, 5.541322, 5.585062, 5.6099586, 5.5743804, 5.60166, 5.625, 5.6527195, 5.6125, 5.549587, 5.549587, 5.541322, 5.6, 5.6271186, 5.6271186, 5.6271186, 5.605932, 5.6101694, 5.578059, 5.605932, 5.605932, 5.6101694, 5.565401, 5.565401, 5.5485234, 5.5485234, 5.556962, 5.5527425, 5.605932, 5.6228814, 5.5822783, 5.6101694, 5.594937, 5.6355934, 5.6101694, 5.578059, 5.618644, 5.631356, 5.648305, 5.644068, 5.644068, 5.6228814, 5.6595745, 5.2541666, 5.3054395, 5.330544, 5.2916665, 5.2875, 5.3179917, 5.3263597, 5.3138075, 5.3138075, 5.352941, 5.3739495, 5.3487396, 5.365546, 5.365546, 5.297071, 5.301255, 5.3739495, 5.357143, 5.3263597, 5.3221755, 5.2916665, 5.2916665, 5.2833333, 5.3221755, 5.330544, 5.3, 5.3125, 5.2875, 5.258333, 5.25, 5.474138, 5.5194807, 5.5454545, 5.5367966, 5.578261, 5.5869565, 5.556522, 5.5695653, 5.5367966, 5.5064936, 5.5324674, 5.5869565, 5.573913, 5.5869565, 5.578261, 5.578261, 5.5869565, 5.595652, 5.628821, 5.5541124, 5.5151515, 5.541126, 5.5497837, 5.611354, 5.6666665, 5.624454, 5.578261, 5.5281386, 5.5454545, 5.5367966, 5.8274336, 5.7929516, 5.7753305, 5.8577776, 5.862222, 5.8444443, 5.753304, 5.7280703, 5.757709, 5.753304, 5.8097343, 5.8577776, 5.8097343, 5.7192984, 5.753304, 5.80531, 5.88, 5.8539824, 5.823009, 5.823009, 5.823009, 5.80531, 5.8274336, 5.840708, 5.823009, 5.7753305, 5.694323, 5.7236843, 5.770925, 5.8318586, 5.2320676, 5.2058825, 5.214286, 5.196653, 5.2268906, 5.214286, 5.275, 5.6208334, 5.6639004, 5.640496, 5.639004, 5.761702, 5.6228814, 5.3781514, 5.6043477, 5.628821, 5.6798244, 5.41453, 5.2268906, 5.2966104, 5.2966104, 5.2966104, 5.2394958, 5.196653, 5.2352943, 5.3008475, 5.2711864, 5.2447257, 5.240506, 5.240506, 5.2966104, 5.248945, 5.2616034, 5.309322, 5.3177967, 5.3305087, 5.3404255, 5.2881355, 5.262712, 5.262712, 5.2447257, 5.248945, 5.2711864, 5.248945, 5.279661, 5.2838984, 5.2838984, 5.3008475, 5.2881355, 5.2616034, 5.299578, 5.326271, 5.334746, 5.326271, 5.309322, 5.2966104, 5.3050847, 5.2700424, 5.2923727, 5.2923727, 5.534483, 5.4849787, 5.467811, 5.497854, 5.497854, 5.4358974, 5.423077, 5.4506435, 5.4549356, 5.4549356, 5.4592276, 5.418803, 5.418803, 5.4806867, 5.472103, 5.4592276, 5.463519, 5.467811, 5.4849787, 5.538793, 5.547414, 5.5560346, 5.5560346, 5.547414, 5.5150213, 5.457265, 5.4529915, 5.497854, 5.4615383, 5.493562, 4.8630705, 4.842324, 4.9041667, 4.925, 4.9041667, 4.8875, 4.8708334, 4.891667, 4.9, 4.9, 4.8958335, 4.8708334, 4.8875, 4.924686, 4.9083333, 4.8875, 4.8875, 4.9041667, 4.9125, 4.9083333, 4.920833, 4.892116, 4.883817, 4.883817, 4.920833, 4.9083333, 4.891667, 4.891667, 4.8958335, 4.924686]

    Original to JCMR scale ratio mean and std: 5.201570987701416, 0.5312337279319763

    Original to PMP scale ratio: [68364.58848925523, 68273.15410497061, 68322.34421364985, 67993.37117472853, 68125.3162055336, 68195.33168316832, 67998.23442136498, 67875.53571428571, 67882.5223880597, 67967.75416114967, 68083.05205219724, 67966.78337198394, 67734.60317389197, 67938.16650148662, 67840.63640765462, 67712.80160165348, 67808.26560951436, 67653.373461349, 67463.34030667196, 67542.85349751278, 68012.90320096578, 68073.09831181729, 67929.14467766177, 68060.55830039525, 67810.52083333333, 67810.52083333333, 67978.73642259988, 68094.19593492676, 67961.00626378498, 68134.3447310671, 67486.86216365643, 67392.78625364698, 67570.3083613816, 67503.96292411553, 67494.20629861776, 67134.04752579094, 67318.99235174317, 67241.11921361231, 67101.29396642771, 67276.51776491328, 67439.71849191972, 67517.12584385442, 67270.91375344577, 67430.0590824841, 67729.29023619712, 67965.82589308603, 67470.89531138576, 67534.96995564231, 67241.90031626145, 67585.54104782859, 67374.98269260647, 67415.53280924224, 67453.33872350452, 67396.49540188235, 67520.01338316427, 67587.34457017081, 68041.27803729757, 68062.90293533963, 67312.967799532, 67414.694133586, 66985.3812686218, 67294.27353853644, 67179.84748583625, 67297.02232133973, 67164.23594611729, 67680.96455345806, 67696.10269464656, 67276.64410433789, 67026.01352056536, 67080.63679245282, 66954.30790960451, 66951.64003759398, 67386.27118644067, 67633.10734463276, 67507.83160865474, 67073.38028169013, 67010.45966228892, 67629.16353383458, 67625.23452157599, 66815.15778691131, 66652.63556979156, 67136.96037711287, 67266.95738979145, 67093.3431982008, 67094.80519693132, 67638.23765541866, 67897.17934091338, 67767.18824589976, 67376.02460548066, 67307.72390736987, 68659.87427694771, 70094.68020103754, 71294.60786459527, 70965.87457635869, 70910.81201773316, 69732.52755086232, 68978.81184895095, 68986.40349255753, 68724.03518297593, 67921.65067704173, 67052.00374733147, 67161.71943009307, 66918.63413233803, 67035.9358916163, 67352.19331249868, 67271.87824942684, 67210.64675395895, 67170.72908282683, 67481.8135404357, 68091.10671192243, 68670.39037316236, 68741.76877247577, 68143.6665057914, 67118.6284802654, 67298.33887299328, 66976.5428842056, 66696.09447765292, 66822.85748538726, 67076.79446203994, 67147.79865834993, 71279.58931796996, 71258.98693601675, 71082.13794574837, 69812.86439676648, 70114.20281587556, 70524.50511248436, 69899.19639792883, 69478.62827481239, 69706.36546869314, 70046.70179598786, 70059.70167563073, 70542.16871977168, 70146.23511768726, 69690.94080676763, 70056.96358852828, 70251.84637394077, 70226.89437098273, 70216.07959509292, 70500.1319121196, 70397.84431261373, 70200.2863829691, 70757.38598755722, 71034.62010118562, 71059.71512572958, 71380.32963769736, 71459.10124882708, 71331.14739295804, 71512.83170973661, 70961.71417196844, 70776.06858170671, 71341.54438004158, 71299.96263822906, 71306.64982626359, 71589.30658388411, 71205.70419151448, 71203.24039668938, 71387.4205631413, 71371.51300726998, 71687.56075576934, 71560.2170028025, 71471.05299106467, 71304.26813903483, 70836.96239604571, 70912.73004949627, 71250.66091281548, 70946.3424571699, 71264.7413111755, 71603.47657642253, 71591.6134564274, 71461.29124840265, 71452.40542272686, 71121.55707078092, 71076.85896855163, 71260.60320389758, 71222.19886356835, 71225.42462137442, 71358.67020736757, 71144.49127270555, 71360.56824712147, 71496.75838385725, 70092.41121909795, 70052.37302314096, 69917.68941712557, 69663.58219519496, 69374.62139734838, 69464.80835597121, 69736.32228372298, 69624.15448931635, 69735.1820838444, 69550.76323050458, 69249.04601018314, 69214.7348475339, 69461.17943951646, 69356.60218342817, 69047.06708661995, 69448.93913961627, 69835.72680696643, 69470.8750528481, 69160.64721773872, 69375.2135636176, 69542.07664601893, 69485.03361456477, 69666.3979827088, 69810.56527607929, 69921.0541437002, 69731.57924085524, 69368.57623076039, 69259.25194725343, 69175.35048797073, 69640.6028044251, 70200.63738715611, 70397.97107966182, 70415.28846415745, 70282.34657997283, 70404.71215947963, 70234.26660366559, 70437.0957998155, 70490.48237571357, 70584.30479868878, 70159.87660143102, 70220.50056668548, 69783.9781366477, 69812.04067880384, 69912.78915948528, 69843.9853187319, 70235.82169831694, 70310.62834012574, 70033.58639086824, 70016.70497967936, 70235.97535228351, 70397.70339269494, 70319.1782897016, 70174.58715157781, 70472.00266648312, 70449.33878167541, 70540.65613897624, 70603.62106465333, 70554.99311709318, 70511.30394159864, 70643.02350547978, 69067.0044568199, 69450.25767600039, 69613.74213633353, 69308.07556287023, 69225.96555454853, 69316.15411855355, 69441.32633174774, 69426.30571570784, 69607.97577755728, 69762.08710813824, 69853.82130287949, 69604.7836216233, 69579.7382495039, 69599.01638913158, 69408.98877058558, 69512.99460690198, 69758.36862993141, 69620.65450776384, 69469.02564764017, 69303.85663402411, 69200.10919662003, 69237.18482334552, 69277.20162315211, 69494.7796942615, 69518.6333572692, 69232.25476952267, 69348.90351796531, 69262.68792118244, 69093.73580650623, 68960.40655967558, 70870.26272847204, 70979.1764450619, 71068.18226647681, 71072.7586340626, 71169.57017359872, 71392.27422848594, 71316.98192782016, 71297.15982802887, 71018.4766323069, 70938.051747416, 71083.7907441885, 71470.38921165025, 71239.23441566298, 71216.59944982598, 71229.17548450794, 71183.1921838045, 71231.2412954408, 71324.09491556305, 71369.53094419092, 71186.0490508449, 70978.83605119791, 71080.36976162171, 71130.04615707099, 71582.51267662448, 71901.59083378593, 71643.3907352977, 71236.87287807872, 70996.18250484686, 71160.63262982329, 71128.77024316334, 74005.86773854108, 73775.91038540142, 73790.7181469695, 74235.76676397645, 74482.14797947387, 74277.36819911162, 73653.11048431211, 73463.1290638112, 73639.24398184002, 73703.84724787166, 73974.98470981051, 74118.43457037985, 73895.66982868177, 73348.9593244936, 73455.78120372516, 73913.70084308986, 74394.50144424217, 74190.92133028126, 74055.04608539485, 74121.60963219195, 74202.04669394025, 74048.57076445344, 74144.81125981378, 74116.02207805935, 73889.93749703783, 73624.69018649659, 73122.14633856589, 73350.70828735338, 73561.4347241698, 73936.02482511064, 69954.6131091706, 69605.76845118862, 69443.86728022677, 69450.83830354639, 69685.1345163745, 69771.59616486437, 69195.48577862869, 69150.08817920167, 68900.84357241116, 68819.92161244075, 68924.01241182693, 70769.15784315478, 70351.81031524015, 69975.50269549468, 72166.19693970933, 72491.4230550848, 72805.82313756744, 71053.50590273678, 69708.40803078731, 70268.72504814707, 70409.96712390846, 70208.93561094499, 69751.62446090812, 69330.8943781942, 69682.52118518228, 70215.94523321236, 70189.88784022808, 70140.91814434643, 69972.19479136725, 70048.49643312662, 70202.80399812585, 69863.71995855466, 69911.95884217195, 70387.91806818348, 70397.27263909038, 70520.86575443034, 70575.62910146725, 70480.69602692866, 70299.31844066983, 70298.10682355992, 70256.19259483425, 70210.4295310196, 70327.64752611316, 70134.65562608557, 70242.22153534352, 70493.17832391542, 70473.71900064542, 70500.72301247045, 70368.50019232473, 70228.34495415102, 70354.87200809822, 70397.62190729621, 70451.2056688651, 70434.24606596165, 70287.54498428223, 70103.97135007296, 70080.63859665664, 70187.6667568054, 70335.49358534488, 70171.97764001625, 71553.22662296178, 71309.87256299211, 71187.5807410799, 71223.81953150856, 71064.80403054784, 71022.2796895587, 70982.13774995322, 71123.6624721593, 71109.10224663728, 71120.60962142075, 71116.224608829, 71063.09657827984, 71076.69876456256, 71305.08274252036, 71050.47533744096, 71056.13379164183, 71228.90136379206, 71134.78298989248, 71177.39172987187, 71579.16705510895, 71686.24889009834, 71607.98321980916, 71675.6671530952, 71432.51673491044, 71136.86993251885, 70830.24860657765, 71006.32150982552, 71221.84181794149, 70925.28138769082, 71160.92080352175, 68838.63745444683, 68554.10713736135, 68815.98941257897, 69015.97993064509, 68898.07288988661, 68855.77635614324, 68819.51301585315, 68981.25886029477, 69033.9879193978, 68988.23386838983, 68937.3233467364, 68810.46866616687, 68982.31621754506, 69045.8979536902, 69053.02070297138, 68946.3942695924, 68886.81955322572, 68928.37620507281, 68914.20077891056, 68865.31571541882, 68799.35921723286, 68686.59020681803, 68751.13898228566, 68750.11752491919, 68859.49508599586, 68814.83201481965, 68878.5330244978, 68872.70436707725, 68893.4583525961, 69072.51199019692]

    Original to PMP scale ratio mean and std: 69833.28996130676, 1763.6303948167385

    JCMR to PMP scale ratio: [15897.220098458394, 15845.631755021832, 15751.73590504451, 15785.33070088845, 15800.92885375494, 15832.217821782177, 15816.557863501483, 15928.645833333332, 15976.194029850747, 15900.414204525905, 15927.38705727337, 16011.405698207756, 15956.70940154186, 15912.859266600593, 15951.013358805547, 15936.25013679645, 15912.859266600593, 16002.624876434475, 16022.543322834592, 15976.482654219368, 15865.342620492973, 15879.384309831183, 15785.439334618542, 15800.92885375494, 15928.645833333332, 15928.645833333332, 15887.750658155526, 15929.994063396096, 15963.994759949492, 15893.671237457338, 15448.79977240328, 15356.105354843916, 15405.278829378938, 15452.714404315604, 15450.480959924547, 15545.512405598649, 15559.282482043156, 15541.283844339101, 15480.11246853402, 15414.934960977347, 15395.203759245998, 15293.934583414537, 15447.395010050512, 15493.232179882394, 15470.19999824001, 15418.173466487107, 15459.472302330503, 15388.503301700786, 15440.732665215593, 15394.484349783179, 15437.496034391279, 15446.787202117657, 15484.1771976818, 15519.341559579223, 15413.533554197391, 15443.176788928946, 15364.159556809127, 15354.890625375883, 15514.513024427448, 15518.573579679163, 15316.216653706912, 15268.965999594726, 15318.48170693519, 15382.176530591938, 15456.46464933753, 15350.962575485895, 15312.213704741482, 15335.117406135842, 15410.41308090561, 15394.542452830186, 15365.550847457625, 15336.668233082706, 15303.841807909603, 15242.13276836158, 15289.444967074316, 15322.267605633802, 15307.893996247654, 15213.482142857141, 15184.939024390244, 15310.531115240905, 15348.450943135487, 15225.048391531061, 15268.43426623343, 15312.779520029331, 15257.174880398083, 15146.550046136364, 15198.094738730384, 15286.297257294282, 15301.514745567036, 15314.050944062135, 14546.076241759629, 14356.74172792335, 14126.111973171288, 14097.194019817662, 14134.04650056598, 14379.701539824067, 14578.927919166925, 14593.277661887169, 14687.722558894591, 14918.505416564523, 15095.794695375713, 15052.44656894075, 15071.764444220278, 14970.356983867676, 14927.027651027413, 14949.306277650408, 14908.980675296798, 14886.810377605945, 14829.188562711404, 14685.14185248327, 14573.716035527032, 14538.076424466153, 14696.477371407478, 14809.092404898416, 14769.900920798525, 14863.7782336606, 14914.153505736344, 14842.90054760163, 14899.305817170332, 14841.937671364336, 12712.975533845252, 12773.350060994613, 12741.649441076177, 12751.697410921277, 12723.634048516467, 12641.692373328622, 12782.491933880503, 12882.383365151405, 12781.290432626323, 12730.880617829082, 12713.743719084598, 12635.22076916642, 12675.736208096625, 12808.064796919454, 12811.342878457715, 12724.048921143532, 12700.03607015473, 12727.338544118224, 12749.449142728143, 12784.895863670079, 12788.215121263396, 12776.3910428948, 12806.852821909708, 12830.98146111108, 12795.101041082287, 12744.992143464586, 12835.237088319403, 12744.861096784742, 12758.992219137403, 12779.764487592032, 12105.816812856947, 12097.827595656194, 12029.477896031545, 11999.926748301492, 12064.41275054499, 12046.62454515623, 12035.055051711142, 12118.717887795121, 12068.265623633113, 12038.167346265842, 12023.167792889386, 12081.112482100349, 12122.931925646692, 12153.525266289846, 12124.478866409587, 12150.462133448546, 12126.874879164548, 12106.368149481843, 12043.44899267003, 12021.525630572407, 12097.489390735454, 12067.556614897847, 12128.80601343325, 12091.149280083704, 12093.364691429599, 12102.657112091822, 12099.948426466675, 12159.240326607856, 12151.980824690976, 12114.584693571756, 12427.363710210988, 12401.864557430139, 12393.091181765241, 12357.176442606644, 12403.029493146114, 12419.153422692183, 12388.391819462262, 12386.802874303872, 12388.189267300262, 12425.30314199526, 12478.234649638362, 12518.65906808909, 12376.156693009616, 12427.46552134289, 12479.006896909656, 12416.316270510031, 12378.563097246635, 12438.693081527783, 12480.892339069926, 12421.564984273284, 12396.183780836216, 12465.069039825556, 12436.742158394683, 12410.767160191872, 12369.453693815209, 12424.33483133278, 12499.773229965758, 12480.073694143954, 12483.545725644233, 12435.821929361626, 12475.414475428344, 12510.48281234954, 12513.560299353283, 12537.13816543733, 12549.480415133832, 12591.165798085281, 12564.742712589916, 12574.265941548303, 12581.492396140902, 12606.437266519448, 12617.330276197468, 12577.036363791258, 12582.094023480235, 12581.116955807147, 12578.286109832416, 12528.838942405742, 12504.377006985436, 12545.69914938456, 12480.31901450478, 12553.488807308591, 12491.622556899252, 12534.234196653759, 12580.466834284372, 12542.528378046769, 12510.191085384045, 12488.81834118409, 12509.35027872236, 12500.734516241735, 12540.066111693504, 12482.037987810338, 13145.187208276584, 13090.387684987456, 13059.406884288628, 13097.58908274713, 13092.381192349603, 13034.27288303249, 13037.295360006057, 13065.26540634187, 13099.453709319834, 13032.477811410441, 12998.600054796965, 13013.305971678197, 12967.876040236439, 12971.468990300169, 13103.276711034718, 13112.553836661067, 12980.83794677379, 12995.855508115917, 13042.495781450118, 13021.71520088975, 13077.185989912447, 13084.19240756136, 13112.40409271018, 13057.588323056994, 13041.564656504974, 13062.689579155222, 13053.91125044053, 13099.326320791004, 13139.854670017034, 13135.315535176302, 12946.378703153947, 12859.75667357592, 12815.573851331885, 12836.440378786914, 12758.379688174362, 12778.383714048066, 12834.824603598307, 12801.20746326826, 12826.636514513599, 12882.617888092056, 12848.47860869135, 12792.365384186427, 12780.829887365435, 12746.939979346285, 12769.064973840084, 12760.82166973892, 12749.560698794852, 12746.341748702022, 12679.303790705755, 12816.817872755397, 12869.788954338082, 12827.785480417668, 12816.724385556472, 12756.72794003658, 12688.516029491635, 12737.838880732275, 12770.444865127127, 12842.692371667677, 12832.24522832879, 12846.556627185872, 12699.564243667643, 12735.46133649135, 12776.882547186939, 12673.025433911002, 12705.446016210477, 12709.055395285259, 12801.880612510604, 12825.109821247283, 12789.677416891878, 12810.699330219652, 12732.937200622371, 12652.995279465453, 12719.28513425901, 12824.818041399187, 12767.582184720988, 12732.08566352005, 12652.126095959551, 12673.581421499293, 12717.659890045012, 12729.091015862752, 12742.904675403115, 12755.317829852498, 12723.407247318082, 12689.56135578895, 12689.305375631116, 12748.134761506273, 12841.235821726677, 12815.296160549096, 12746.90510105843, 12677.952663486345, 13370.357505543092, 13370.599589493859, 13318.00194415308, 13364.533296737189, 13332.043420335314, 13380.854059015086, 13117.627635758994, 12302.46194440949, 12164.910843187612, 12201.04104777338, 12222.727734547674, 12282.682491241783, 12511.701005573983, 13011.070032443544, 12876.823348435333, 12878.615887986361, 12818.322529239673, 13122.74694651966, 13336.496070198857, 13266.735289090166, 13293.401792993916, 13255.447043346414, 13312.659680590323, 13341.452299829643, 13310.144496046052, 13246.173521213523, 13315.76650345163, 13373.610297835965, 13352.182097869596, 13366.742072987932, 13254.28939484616, 13310.049541943294, 13287.196668480155, 13257.421120583642, 13238.052862809029, 13229.66956919361, 13215.356843701038, 13328.080338425612, 13358.002537840643, 13357.772311079018, 13395.589416714174, 13376.102732195855, 13341.900977622752, 13361.666706898939, 13304.305202520924, 13341.130781430664, 13337.448022576036, 13299.896587484434, 13306.863818420383, 13347.32779000304, 13275.561039744647, 13217.055505268023, 13206.10368375867, 13223.931640069171, 13238.516054501679, 13235.629790893774, 13210.088425567865, 13318.236206055148, 13289.973167447071, 13259.076639746865, 12928.620386703376, 13000.939207493868, 13019.39271010331, 12954.839930399294, 12925.916736235478, 13065.419376852777, 13088.904833324708, 13048.671933868594, 13035.73628911604, 13037.845823596408, 13026.792715296506, 13114.16766507688, 13116.67784771896, 13010.246107288365, 12984.126081273525, 13015.785513720555, 13037.18304616147, 13009.736606471703, 12976.785816165997, 12923.24261228426, 12922.462892387579, 12888.3259169866, 12900.507974800686, 12876.724073425969, 12898.747622005363, 12979.074529318066, 13021.53544929402, 12954.480205761409, 12986.319127323672, 12953.511365016067, 14155.385346861505, 14157.274910114897, 14032.147373847878, 14013.396940232506, 14048.884871344762, 14088.138384888642, 14128.899164931358, 14101.790567692286, 14088.568963142408, 14079.231401712208, 14080.814981461053, 14127.04232667241, 14114.028893615356, 14020.365005039897, 14068.527138126597, 14106.679134443459, 14094.489934163832, 14055.06396704968, 14028.336036419452, 14030.285035399422, 13981.241500538432, 14040.261441766874, 14077.336019312526, 14077.126867889145, 13993.462168195603, 14019.999731372425, 14080.790396830895, 14079.598848465537, 14071.855323083459, 14025.769214661907]

    JCMR to PMP scale ratio mean and std: 13545.154988678136, 1190.0001549170106
    
